<<<<<<< Updated upstream
14 2278582788 50.0
=======
12 1476389841 52.0
>>>>>>> Stashed changes
116006963 17104 29416 58.0
39329050 17104 29416 58.0
26480220 17104 29416 58.0
27403114 17104 29416 58.0
27836567 17104 29416 58.0
33336642 17104 29416 58.0
5905119400 1169298 2332816 50.0
5398200000 1169298 2332816 50.0
138947000 17103 29416 58.0
2695547500 723217 1440015 50.0
<<<<<<< Updated upstream
4981734700 723217 1440015 50.0
5061947300 723217 1440015 50.0
2409794400 723217 1440015 50.0
5038476200 723217 1440015 50.0
=======
2082565235 723217 1440015 50.0
1225906399 723217 1440015 50.0
>>>>>>> Stashed changes
